0.005000 0 0.212833
0.005000 1 0.208500
0.005000 2 0.261667
0.005000 3 0.225167
0.005000 4 0.210333
0.005000 5 0.236333
0.005000 6 0.225500
0.005000 7 0.229667
0.005000 8 0.216500
0.005000 9 0.180667
0.010000 0 0.212833
0.010000 1 0.208500
0.010000 2 0.261667
0.010000 3 0.225167
0.010000 4 0.210333
0.010000 5 0.236333
0.010000 6 0.225500
0.010000 7 0.229667
0.010000 8 0.216500
0.010000 9 0.180667
0.020000 0 0.212833
0.020000 1 0.208500
0.020000 2 0.261667
0.020000 3 0.225167
0.020000 4 0.210333
0.020000 5 0.236333
0.020000 6 0.225500
0.020000 7 0.229667
0.020000 8 0.216500
0.020000 9 0.180833
0.040000 0 0.212833
0.040000 1 0.208500
0.040000 2 0.261667
0.040000 3 0.225167
0.040000 4 0.210333
0.040000 5 0.236167
0.040000 6 0.225667
0.040000 7 0.229667
0.040000 8 0.216500
0.040000 9 0.180833
0.080000 0 0.213000
0.080000 1 0.208500
0.080000 2 0.261667
0.080000 3 0.225333
0.080000 4 0.210333
0.080000 5 0.236167
0.080000 6 0.225833
0.080000 7 0.229833
0.080000 8 0.216500
0.080000 9 0.181000
0.160000 0 0.213000
0.160000 1 0.208500
0.160000 2 0.261833
0.160000 3 0.225500
0.160000 4 0.210333
0.160000 5 0.236167
0.160000 6 0.225833
0.160000 7 0.229667
0.160000 8 0.216500
0.160000 9 0.181000
0.320000 0 0.213000
0.320000 1 0.208500
0.320000 2 0.261833
0.320000 3 0.225500
0.320000 4 0.210333
0.320000 5 0.236167
0.320000 6 0.226000
0.320000 7 0.229833
0.320000 8 0.216500
0.320000 9 0.181000
0.640000 0 0.213000
0.640000 1 0.208667
0.640000 2 0.261833
0.640000 3 0.225500
0.640000 4 0.210333
0.640000 5 0.236167
0.640000 6 0.226167
0.640000 7 0.229833
0.640000 8 0.216500
0.640000 9 0.181000
1.280000 0 0.213167
1.280000 1 0.208667
1.280000 2 0.261833
1.280000 3 0.225500
1.280000 4 0.210333
1.280000 5 0.236333
1.280000 6 0.226167
1.280000 7 0.230000
1.280000 8 0.216500
1.280000 9 0.181000
2.560000 0 0.213167
2.560000 1 0.208667
2.560000 2 0.262000
2.560000 3 0.225500
2.560000 4 0.210167
2.560000 5 0.236333
2.560000 6 0.226167
2.560000 7 0.230000
2.560000 8 0.216500
2.560000 9 0.181000
5.120000 0 0.213167
5.120000 1 0.208667
5.120000 2 0.262000
5.120000 3 0.225500
5.120000 4 0.210167
5.120000 5 0.236333
5.120000 6 0.226167
5.120000 7 0.230000
5.120000 8 0.216500
5.120000 9 0.181000
10.240000 0 0.213167
10.240000 1 0.208667
10.240000 2 0.262000
10.240000 3 0.225500
10.240000 4 0.210167
10.240000 5 0.236333
10.240000 6 0.226167
10.240000 7 0.230000
10.240000 8 0.216500
10.240000 9 0.181000
20.480000 0 0.213167
20.480000 1 0.208667
20.480000 2 0.262000
20.480000 3 0.225500
20.480000 4 0.210167
20.480000 5 0.236333
20.480000 6 0.226167
20.480000 7 0.230000
20.480000 8 0.216500
20.480000 9 0.181000
40.960000 0 0.213167
40.960000 1 0.208667
40.960000 2 0.262000
40.960000 3 0.225500
40.960000 4 0.210167
40.960000 5 0.236333
40.960000 6 0.226167
40.960000 7 0.230000
40.960000 8 0.216500
40.960000 9 0.181000
81.920000 0 0.213167
81.920000 1 0.208667
81.920000 2 0.262000
81.920000 3 0.225500
81.920000 4 0.210167
81.920000 5 0.236333
81.920000 6 0.226167
81.920000 7 0.230000
81.920000 8 0.216500
81.920000 9 0.181000
163.840000 0 0.213167
163.840000 1 0.208667
163.840000 2 0.262000
163.840000 3 0.225500
163.840000 4 0.210167
163.840000 5 0.236333
163.840000 6 0.226167
163.840000 7 0.230000
163.840000 8 0.216500
163.840000 9 0.181000
