0.005000 0 0.210583
0.005000 1 0.243500
0.005000 2 0.223250
0.005000 3 0.227583
0.005000 4 0.198500
0.010000 0 0.210583
0.010000 1 0.243500
0.010000 2 0.223250
0.010000 3 0.227583
0.010000 4 0.198500
0.020000 0 0.210750
0.020000 1 0.243500
0.020000 2 0.223250
0.020000 3 0.227583
0.020000 4 0.198500
0.040000 0 0.210750
0.040000 1 0.243500
0.040000 2 0.223250
0.040000 3 0.227667
0.040000 4 0.198500
0.080000 0 0.210750
0.080000 1 0.243583
0.080000 2 0.223167
0.080000 3 0.227667
0.080000 4 0.198500
0.160000 0 0.210750
0.160000 1 0.243667
0.160000 2 0.223167
0.160000 3 0.227833
0.160000 4 0.198500
0.320000 0 0.210833
0.320000 1 0.243667
0.320000 2 0.223250
0.320000 3 0.227917
0.320000 4 0.198583
0.640000 0 0.210833
0.640000 1 0.243667
0.640000 2 0.223250
0.640000 3 0.227917
0.640000 4 0.198583
1.280000 0 0.210833
1.280000 1 0.243667
1.280000 2 0.223250
1.280000 3 0.228000
1.280000 4 0.198583
2.560000 0 0.210833
2.560000 1 0.243750
2.560000 2 0.223250
2.560000 3 0.228000
2.560000 4 0.198583
5.120000 0 0.210833
5.120000 1 0.243750
5.120000 2 0.223167
5.120000 3 0.228000
5.120000 4 0.198583
10.240000 0 0.210833
10.240000 1 0.243750
10.240000 2 0.223167
10.240000 3 0.228000
10.240000 4 0.198583
20.480000 0 0.210833
20.480000 1 0.243750
20.480000 2 0.223167
20.480000 3 0.228000
20.480000 4 0.198583
40.960000 0 0.210833
40.960000 1 0.243750
40.960000 2 0.223167
40.960000 3 0.228000
40.960000 4 0.198583
81.920000 0 0.210833
81.920000 1 0.243750
81.920000 2 0.223167
81.920000 3 0.228000
81.920000 4 0.198583
163.840000 0 0.210833
163.840000 1 0.243750
163.840000 2 0.223167
163.840000 3 0.228000
163.840000 4 0.198583
