Alpha Error MinAlpha
  0.00500 0.22580 0.00500
  0.01000 0.22580 0.00500
  0.02000 0.22580 0.00500
  0.04000 0.22580 0.00500
  0.08000 0.22580 0.00500
  0.16000 0.22580 0.00500
  0.32000 0.22580 0.00500
  0.64000 0.22580 0.00500
  1.28000 0.22580 0.00500
  2.56000 0.22580 0.00500
  5.12000 0.22580 0.00500
 10.24000 0.22580 0.00500
 20.48000 0.22580 0.00500
 40.96000 0.22580 0.00500
 81.92000 0.22580 0.00500
163.84000 0.22580 0.00500
0.005000 0.211700
0.010000 0.211600
0.020000 0.211600
0.040000 0.211600
0.080000 0.211600
0.160000 0.211600
0.320000 0.211600
0.640000 0.211600
1.280000 0.211600
2.560000 0.211600
5.120000 0.211600
10.240000 0.211600
20.480000 0.211600
40.960000 0.211600
81.920000 0.211600
163.840000 0.211600



training/validation - different alphas
training/test       - different alphas